(kicad_pcb (version 20171130) (host pcbnew "(5.1.9)-1")

  (general
    (thickness 1.6)
    (drawings 0)
    (tracks 0)
    (zones 0)
    (modules 28)
    (nets 27)
  )

  (page A4)
  (layers
    (0 F.Cu mixed)
    (31 B.Cu power)
    (32 B.Adhes user)
    (33 F.Adhes user)
    (34 B.Paste user)
    (35 F.Paste user)
    (36 B.SilkS user)
    (37 F.SilkS user)
    (38 B.Mask user)
    (39 F.Mask user)
    (40 Dwgs.User user)
    (41 Cmts.User user)
    (42 Eco1.User user)
    (43 Eco2.User user)
    (44 Edge.Cuts user)
    (45 Margin user)
    (46 B.CrtYd user)
    (47 F.CrtYd user)
    (48 B.Fab user hide)
    (49 F.Fab user)
  )

  (setup
    (last_trace_width 0.25)
    (trace_clearance 0.2)
    (zone_clearance 0.508)
    (zone_45_only no)
    (trace_min 0.2)
    (via_size 0.8)
    (via_drill 0.4)
    (via_min_size 0.5)
    (via_min_drill 0.3)
    (uvia_size 0.3)
    (uvia_drill 0.1)
    (uvias_allowed no)
    (uvia_min_size 0.2)
    (uvia_min_drill 0.1)
    (edge_width 0.05)
    (segment_width 0.2)
    (pcb_text_width 0.3)
    (pcb_text_size 1.5 1.5)
    (mod_edge_width 0.12)
    (mod_text_size 1 1)
    (mod_text_width 0.15)
    (pad_size 1.524 1.524)
    (pad_drill 0.762)
    (pad_to_mask_clearance 0)
    (aux_axis_origin 0 0)
    (visible_elements 7FFFFFFF)
    (pcbplotparams
      (layerselection 0x010fc_ffffffff)
      (usegerberextensions false)
      (usegerberattributes true)
      (usegerberadvancedattributes true)
      (creategerberjobfile true)
      (excludeedgelayer true)
      (linewidth 0.100000)
      (plotframeref false)
      (viasonmask false)
      (mode 1)
      (useauxorigin false)
      (hpglpennumber 1)
      (hpglpenspeed 20)
      (hpglpendiameter 15.000000)
      (psnegative false)
      (psa4output false)
      (plotreference true)
      (plotvalue true)
      (plotinvisibletext false)
      (padsonsilk false)
      (subtractmaskfromsilk false)
      (outputformat 1)
      (mirror false)
      (drillshape 1)
      (scaleselection 1)
      (outputdirectory ""))
  )

  (net 0 "")
  (net 1 GND)
  (net 2 +3V3)
  (net 3 SW_1)
  (net 4 SW_2)
  (net 5 SW_3)
  (net 6 "Net-(C8-Pad2)")
  (net 7 OSC_IN)
  (net 8 +5V)
  (net 9 "Net-(D1-Pad1)")
  (net 10 LED_1)
  (net 11 LED_2)
  (net 12 "Net-(D2-Pad1)")
  (net 13 "Net-(D3-Pad1)")
  (net 14 LED_3)
  (net 15 "Net-(J0-Pad6)")
  (net 16 USB_CONN_D-)
  (net 17 USB_CONN_D+)
  (net 18 SWDIO)
  (net 19 SWCLK)
  (net 20 "Net-(R5-Pad2)")
  (net 21 SW_LAYOUT)
  (net 22 "Net-(R6-Pad2)")
  (net 23 SW_BACKLIGHT)
  (net 24 OSC_OUT)
  (net 25 USB_D-)
  (net 26 USB_D+)

  (net_class Default "This is the default net class."
    (clearance 0.2)
    (trace_width 0.25)
    (via_dia 0.8)
    (via_drill 0.4)
    (uvia_dia 0.3)
    (uvia_drill 0.1)
    (add_net +3V3)
    (add_net +5V)
    (add_net GND)
    (add_net LED_1)
    (add_net LED_2)
    (add_net LED_3)
    (add_net "Net-(C8-Pad2)")
    (add_net "Net-(D1-Pad1)")
    (add_net "Net-(D2-Pad1)")
    (add_net "Net-(D3-Pad1)")
    (add_net "Net-(J0-Pad6)")
    (add_net "Net-(R5-Pad2)")
    (add_net "Net-(R6-Pad2)")
    (add_net OSC_IN)
    (add_net OSC_OUT)
    (add_net SWCLK)
    (add_net SWDIO)
    (add_net SW_1)
    (add_net SW_2)
    (add_net SW_3)
    (add_net SW_BACKLIGHT)
    (add_net SW_LAYOUT)
    (add_net USB_CONN_D+)
    (add_net USB_CONN_D-)
    (add_net USB_D+)
    (add_net USB_D-)
  )

  (module Capacitor_SMD:C_0402_1005Metric (layer F.Cu) (tedit 5F68FEEE) (tstamp 60093C85)
    (at 120.65 89.408 270)
    (descr "Capacitor SMD 0402 (1005 Metric), square (rectangular) end terminal, IPC_7351 nominal, (Body size source: IPC-SM-782 page 76, https://www.pcb-3d.com/wordpress/wp-content/uploads/ipc-sm-782a_amendment_1_and_2.pdf), generated with kicad-footprint-generator")
    (tags capacitor)
    (path /600C2115)
    (attr smd)
    (fp_text reference C0 (at 0 -1.16 90) (layer F.SilkS)
      (effects (font (size 1 1) (thickness 0.15)))
    )
    (fp_text value 100n (at 0 1.16 90) (layer F.Fab)
      (effects (font (size 1 1) (thickness 0.15)))
    )
    (fp_line (start -0.5 0.25) (end -0.5 -0.25) (layer F.Fab) (width 0.1))
    (fp_line (start -0.5 -0.25) (end 0.5 -0.25) (layer F.Fab) (width 0.1))
    (fp_line (start 0.5 -0.25) (end 0.5 0.25) (layer F.Fab) (width 0.1))
    (fp_line (start 0.5 0.25) (end -0.5 0.25) (layer F.Fab) (width 0.1))
    (fp_line (start -0.107836 -0.36) (end 0.107836 -0.36) (layer F.SilkS) (width 0.12))
    (fp_line (start -0.107836 0.36) (end 0.107836 0.36) (layer F.SilkS) (width 0.12))
    (fp_line (start -0.91 0.46) (end -0.91 -0.46) (layer F.CrtYd) (width 0.05))
    (fp_line (start -0.91 -0.46) (end 0.91 -0.46) (layer F.CrtYd) (width 0.05))
    (fp_line (start 0.91 -0.46) (end 0.91 0.46) (layer F.CrtYd) (width 0.05))
    (fp_line (start 0.91 0.46) (end -0.91 0.46) (layer F.CrtYd) (width 0.05))
    (fp_text user %R (at 0 0 90) (layer F.Fab)
      (effects (font (size 0.25 0.25) (thickness 0.04)))
    )
    (pad 2 smd roundrect (at 0.48 0 270) (size 0.56 0.62) (layers F.Cu F.Paste F.Mask) (roundrect_rratio 0.25)
      (net 1 GND))
    (pad 1 smd roundrect (at -0.48 0 270) (size 0.56 0.62) (layers F.Cu F.Paste F.Mask) (roundrect_rratio 0.25)
      (net 2 +3V3))
    (model ${KISYS3DMOD}/Capacitor_SMD.3dshapes/C_0402_1005Metric.wrl
      (at (xyz 0 0 0))
      (scale (xyz 1 1 1))
      (rotate (xyz 0 0 0))
    )
  )

  (module Capacitor_SMD:C_0402_1005Metric (layer F.Cu) (tedit 5F68FEEE) (tstamp 600961A5)
    (at 134.112 81.407 90)
    (descr "Capacitor SMD 0402 (1005 Metric), square (rectangular) end terminal, IPC_7351 nominal, (Body size source: IPC-SM-782 page 76, https://www.pcb-3d.com/wordpress/wp-content/uploads/ipc-sm-782a_amendment_1_and_2.pdf), generated with kicad-footprint-generator")
    (tags capacitor)
    (path /5FF9BD70)
    (attr smd)
    (fp_text reference C5 (at 0 -1.16 90) (layer F.SilkS)
      (effects (font (size 1 1) (thickness 0.15)))
    )
    (fp_text value 100n (at 0 1.16 90) (layer F.Fab)
      (effects (font (size 1 1) (thickness 0.15)))
    )
    (fp_line (start -0.5 0.25) (end -0.5 -0.25) (layer F.Fab) (width 0.1))
    (fp_line (start -0.5 -0.25) (end 0.5 -0.25) (layer F.Fab) (width 0.1))
    (fp_line (start 0.5 -0.25) (end 0.5 0.25) (layer F.Fab) (width 0.1))
    (fp_line (start 0.5 0.25) (end -0.5 0.25) (layer F.Fab) (width 0.1))
    (fp_line (start -0.107836 -0.36) (end 0.107836 -0.36) (layer F.SilkS) (width 0.12))
    (fp_line (start -0.107836 0.36) (end 0.107836 0.36) (layer F.SilkS) (width 0.12))
    (fp_line (start -0.91 0.46) (end -0.91 -0.46) (layer F.CrtYd) (width 0.05))
    (fp_line (start -0.91 -0.46) (end 0.91 -0.46) (layer F.CrtYd) (width 0.05))
    (fp_line (start 0.91 -0.46) (end 0.91 0.46) (layer F.CrtYd) (width 0.05))
    (fp_line (start 0.91 0.46) (end -0.91 0.46) (layer F.CrtYd) (width 0.05))
    (fp_text user %R (at 0 0 90) (layer F.Fab)
      (effects (font (size 0.25 0.25) (thickness 0.04)))
    )
    (pad 2 smd roundrect (at 0.48 0 90) (size 0.56 0.62) (layers F.Cu F.Paste F.Mask) (roundrect_rratio 0.25)
      (net 1 GND))
    (pad 1 smd roundrect (at -0.48 0 90) (size 0.56 0.62) (layers F.Cu F.Paste F.Mask) (roundrect_rratio 0.25)
      (net 2 +3V3))
    (model ${KISYS3DMOD}/Capacitor_SMD.3dshapes/C_0402_1005Metric.wrl
      (at (xyz 0 0 0))
      (scale (xyz 1 1 1))
      (rotate (xyz 0 0 0))
    )
  )

  (module Capacitor_SMD:C_0402_1005Metric (layer F.Cu) (tedit 5F68FEEE) (tstamp 60096175)
    (at 134.112 91.595 270)
    (descr "Capacitor SMD 0402 (1005 Metric), square (rectangular) end terminal, IPC_7351 nominal, (Body size source: IPC-SM-782 page 76, https://www.pcb-3d.com/wordpress/wp-content/uploads/ipc-sm-782a_amendment_1_and_2.pdf), generated with kicad-footprint-generator")
    (tags capacitor)
    (path /5FF9D075)
    (attr smd)
    (fp_text reference C6 (at 0 -1.16 90) (layer F.SilkS)
      (effects (font (size 1 1) (thickness 0.15)))
    )
    (fp_text value 100n (at 0 1.16 90) (layer F.Fab)
      (effects (font (size 1 1) (thickness 0.15)))
    )
    (fp_line (start 0.91 0.46) (end -0.91 0.46) (layer F.CrtYd) (width 0.05))
    (fp_line (start 0.91 -0.46) (end 0.91 0.46) (layer F.CrtYd) (width 0.05))
    (fp_line (start -0.91 -0.46) (end 0.91 -0.46) (layer F.CrtYd) (width 0.05))
    (fp_line (start -0.91 0.46) (end -0.91 -0.46) (layer F.CrtYd) (width 0.05))
    (fp_line (start -0.107836 0.36) (end 0.107836 0.36) (layer F.SilkS) (width 0.12))
    (fp_line (start -0.107836 -0.36) (end 0.107836 -0.36) (layer F.SilkS) (width 0.12))
    (fp_line (start 0.5 0.25) (end -0.5 0.25) (layer F.Fab) (width 0.1))
    (fp_line (start 0.5 -0.25) (end 0.5 0.25) (layer F.Fab) (width 0.1))
    (fp_line (start -0.5 -0.25) (end 0.5 -0.25) (layer F.Fab) (width 0.1))
    (fp_line (start -0.5 0.25) (end -0.5 -0.25) (layer F.Fab) (width 0.1))
    (fp_text user %R (at 0 0 90) (layer F.Fab)
      (effects (font (size 0.25 0.25) (thickness 0.04)))
    )
    (pad 1 smd roundrect (at -0.48 0 270) (size 0.56 0.62) (layers F.Cu F.Paste F.Mask) (roundrect_rratio 0.25)
      (net 2 +3V3))
    (pad 2 smd roundrect (at 0.48 0 270) (size 0.56 0.62) (layers F.Cu F.Paste F.Mask) (roundrect_rratio 0.25)
      (net 1 GND))
    (model ${KISYS3DMOD}/Capacitor_SMD.3dshapes/C_0402_1005Metric.wrl
      (at (xyz 0 0 0))
      (scale (xyz 1 1 1))
      (rotate (xyz 0 0 0))
    )
  )

  (module Capacitor_SMD:C_0402_1005Metric (layer F.Cu) (tedit 5F68FEEE) (tstamp 60096205)
    (at 135.128 81.379 90)
    (descr "Capacitor SMD 0402 (1005 Metric), square (rectangular) end terminal, IPC_7351 nominal, (Body size source: IPC-SM-782 page 76, https://www.pcb-3d.com/wordpress/wp-content/uploads/ipc-sm-782a_amendment_1_and_2.pdf), generated with kicad-footprint-generator")
    (tags capacitor)
    (path /5FF9E127)
    (attr smd)
    (fp_text reference C7 (at 0 -1.16 90) (layer F.SilkS)
      (effects (font (size 1 1) (thickness 0.15)))
    )
    (fp_text value 4.7u (at 0 1.16 90) (layer F.Fab)
      (effects (font (size 1 1) (thickness 0.15)))
    )
    (fp_line (start -0.5 0.25) (end -0.5 -0.25) (layer F.Fab) (width 0.1))
    (fp_line (start -0.5 -0.25) (end 0.5 -0.25) (layer F.Fab) (width 0.1))
    (fp_line (start 0.5 -0.25) (end 0.5 0.25) (layer F.Fab) (width 0.1))
    (fp_line (start 0.5 0.25) (end -0.5 0.25) (layer F.Fab) (width 0.1))
    (fp_line (start -0.107836 -0.36) (end 0.107836 -0.36) (layer F.SilkS) (width 0.12))
    (fp_line (start -0.107836 0.36) (end 0.107836 0.36) (layer F.SilkS) (width 0.12))
    (fp_line (start -0.91 0.46) (end -0.91 -0.46) (layer F.CrtYd) (width 0.05))
    (fp_line (start -0.91 -0.46) (end 0.91 -0.46) (layer F.CrtYd) (width 0.05))
    (fp_line (start 0.91 -0.46) (end 0.91 0.46) (layer F.CrtYd) (width 0.05))
    (fp_line (start 0.91 0.46) (end -0.91 0.46) (layer F.CrtYd) (width 0.05))
    (fp_text user %R (at 0 0 90) (layer F.Fab)
      (effects (font (size 0.25 0.25) (thickness 0.04)))
    )
    (pad 2 smd roundrect (at 0.48 0 90) (size 0.56 0.62) (layers F.Cu F.Paste F.Mask) (roundrect_rratio 0.25)
      (net 1 GND))
    (pad 1 smd roundrect (at -0.48 0 90) (size 0.56 0.62) (layers F.Cu F.Paste F.Mask) (roundrect_rratio 0.25)
      (net 2 +3V3))
    (model ${KISYS3DMOD}/Capacitor_SMD.3dshapes/C_0402_1005Metric.wrl
      (at (xyz 0 0 0))
      (scale (xyz 1 1 1))
      (rotate (xyz 0 0 0))
    )
  )

  (module Capacitor_SMD:C_0402_1005Metric (layer F.Cu) (tedit 5F68FEEE) (tstamp 600961D5)
    (at 123.063 88.293 270)
    (descr "Capacitor SMD 0402 (1005 Metric), square (rectangular) end terminal, IPC_7351 nominal, (Body size source: IPC-SM-782 page 76, https://www.pcb-3d.com/wordpress/wp-content/uploads/ipc-sm-782a_amendment_1_and_2.pdf), generated with kicad-footprint-generator")
    (tags capacitor)
    (path /5FFE79A1)
    (attr smd)
    (fp_text reference C8 (at 0 -1.16 90) (layer F.SilkS)
      (effects (font (size 1 1) (thickness 0.15)))
    )
    (fp_text value 12p (at 0 1.16 90) (layer F.Fab)
      (effects (font (size 1 1) (thickness 0.15)))
    )
    (fp_line (start 0.91 0.46) (end -0.91 0.46) (layer F.CrtYd) (width 0.05))
    (fp_line (start 0.91 -0.46) (end 0.91 0.46) (layer F.CrtYd) (width 0.05))
    (fp_line (start -0.91 -0.46) (end 0.91 -0.46) (layer F.CrtYd) (width 0.05))
    (fp_line (start -0.91 0.46) (end -0.91 -0.46) (layer F.CrtYd) (width 0.05))
    (fp_line (start -0.107836 0.36) (end 0.107836 0.36) (layer F.SilkS) (width 0.12))
    (fp_line (start -0.107836 -0.36) (end 0.107836 -0.36) (layer F.SilkS) (width 0.12))
    (fp_line (start 0.5 0.25) (end -0.5 0.25) (layer F.Fab) (width 0.1))
    (fp_line (start 0.5 -0.25) (end 0.5 0.25) (layer F.Fab) (width 0.1))
    (fp_line (start -0.5 -0.25) (end 0.5 -0.25) (layer F.Fab) (width 0.1))
    (fp_line (start -0.5 0.25) (end -0.5 -0.25) (layer F.Fab) (width 0.1))
    (fp_text user %R (at 0 0 90) (layer F.Fab)
      (effects (font (size 0.25 0.25) (thickness 0.04)))
    )
    (pad 1 smd roundrect (at -0.48 0 270) (size 0.56 0.62) (layers F.Cu F.Paste F.Mask) (roundrect_rratio 0.25)
      (net 1 GND))
    (pad 2 smd roundrect (at 0.48 0 270) (size 0.56 0.62) (layers F.Cu F.Paste F.Mask) (roundrect_rratio 0.25)
      (net 6 "Net-(C8-Pad2)"))
    (model ${KISYS3DMOD}/Capacitor_SMD.3dshapes/C_0402_1005Metric.wrl
      (at (xyz 0 0 0))
      (scale (xyz 1 1 1))
      (rotate (xyz 0 0 0))
    )
  )

  (module Capacitor_SMD:C_0402_1005Metric (layer F.Cu) (tedit 5F68FEEE) (tstamp 6008ECDC)
    (at 128.651 88.293 90)
    (descr "Capacitor SMD 0402 (1005 Metric), square (rectangular) end terminal, IPC_7351 nominal, (Body size source: IPC-SM-782 page 76, https://www.pcb-3d.com/wordpress/wp-content/uploads/ipc-sm-782a_amendment_1_and_2.pdf), generated with kicad-footprint-generator")
    (tags capacitor)
    (path /6000E4D6)
    (attr smd)
    (fp_text reference C9 (at 0 -1.16 90) (layer F.SilkS)
      (effects (font (size 1 1) (thickness 0.15)))
    )
    (fp_text value 12p (at 0 1.16 90) (layer F.Fab)
      (effects (font (size 1 1) (thickness 0.15)))
    )
    (fp_line (start 0.91 0.46) (end -0.91 0.46) (layer F.CrtYd) (width 0.05))
    (fp_line (start 0.91 -0.46) (end 0.91 0.46) (layer F.CrtYd) (width 0.05))
    (fp_line (start -0.91 -0.46) (end 0.91 -0.46) (layer F.CrtYd) (width 0.05))
    (fp_line (start -0.91 0.46) (end -0.91 -0.46) (layer F.CrtYd) (width 0.05))
    (fp_line (start -0.107836 0.36) (end 0.107836 0.36) (layer F.SilkS) (width 0.12))
    (fp_line (start -0.107836 -0.36) (end 0.107836 -0.36) (layer F.SilkS) (width 0.12))
    (fp_line (start 0.5 0.25) (end -0.5 0.25) (layer F.Fab) (width 0.1))
    (fp_line (start 0.5 -0.25) (end 0.5 0.25) (layer F.Fab) (width 0.1))
    (fp_line (start -0.5 -0.25) (end 0.5 -0.25) (layer F.Fab) (width 0.1))
    (fp_line (start -0.5 0.25) (end -0.5 -0.25) (layer F.Fab) (width 0.1))
    (fp_text user %R (at 0 0 90) (layer F.Fab)
      (effects (font (size 0.25 0.25) (thickness 0.04)))
    )
    (pad 1 smd roundrect (at -0.48 0 90) (size 0.56 0.62) (layers F.Cu F.Paste F.Mask) (roundrect_rratio 0.25)
      (net 1 GND))
    (pad 2 smd roundrect (at 0.48 0 90) (size 0.56 0.62) (layers F.Cu F.Paste F.Mask) (roundrect_rratio 0.25)
      (net 7 OSC_IN))
    (model ${KISYS3DMOD}/Capacitor_SMD.3dshapes/C_0402_1005Metric.wrl
      (at (xyz 0 0 0))
      (scale (xyz 1 1 1))
      (rotate (xyz 0 0 0))
    )
  )

  (module Capacitor_SMD:C_0402_1005Metric (layer F.Cu) (tedit 5F68FEEE) (tstamp 6008ECED)
    (at 145.514 86.487)
    (descr "Capacitor SMD 0402 (1005 Metric), square (rectangular) end terminal, IPC_7351 nominal, (Body size source: IPC-SM-782 page 76, https://www.pcb-3d.com/wordpress/wp-content/uploads/ipc-sm-782a_amendment_1_and_2.pdf), generated with kicad-footprint-generator")
    (tags capacitor)
    (path /60114EAE)
    (attr smd)
    (fp_text reference C10 (at 0 -1.16) (layer F.SilkS)
      (effects (font (size 1 1) (thickness 0.15)))
    )
    (fp_text value 1u (at 0 1.16) (layer F.Fab)
      (effects (font (size 1 1) (thickness 0.15)))
    )
    (fp_line (start -0.5 0.25) (end -0.5 -0.25) (layer F.Fab) (width 0.1))
    (fp_line (start -0.5 -0.25) (end 0.5 -0.25) (layer F.Fab) (width 0.1))
    (fp_line (start 0.5 -0.25) (end 0.5 0.25) (layer F.Fab) (width 0.1))
    (fp_line (start 0.5 0.25) (end -0.5 0.25) (layer F.Fab) (width 0.1))
    (fp_line (start -0.107836 -0.36) (end 0.107836 -0.36) (layer F.SilkS) (width 0.12))
    (fp_line (start -0.107836 0.36) (end 0.107836 0.36) (layer F.SilkS) (width 0.12))
    (fp_line (start -0.91 0.46) (end -0.91 -0.46) (layer F.CrtYd) (width 0.05))
    (fp_line (start -0.91 -0.46) (end 0.91 -0.46) (layer F.CrtYd) (width 0.05))
    (fp_line (start 0.91 -0.46) (end 0.91 0.46) (layer F.CrtYd) (width 0.05))
    (fp_line (start 0.91 0.46) (end -0.91 0.46) (layer F.CrtYd) (width 0.05))
    (fp_text user %R (at 0 0) (layer F.Fab)
      (effects (font (size 0.25 0.25) (thickness 0.04)))
    )
    (pad 2 smd roundrect (at 0.48 0) (size 0.56 0.62) (layers F.Cu F.Paste F.Mask) (roundrect_rratio 0.25)
      (net 1 GND))
    (pad 1 smd roundrect (at -0.48 0) (size 0.56 0.62) (layers F.Cu F.Paste F.Mask) (roundrect_rratio 0.25)
      (net 8 +5V))
    (model ${KISYS3DMOD}/Capacitor_SMD.3dshapes/C_0402_1005Metric.wrl
      (at (xyz 0 0 0))
      (scale (xyz 1 1 1))
      (rotate (xyz 0 0 0))
    )
  )

  (module Capacitor_SMD:C_0402_1005Metric (layer F.Cu) (tedit 5F68FEEE) (tstamp 6008ECFE)
    (at 145.443 91.186 180)
    (descr "Capacitor SMD 0402 (1005 Metric), square (rectangular) end terminal, IPC_7351 nominal, (Body size source: IPC-SM-782 page 76, https://www.pcb-3d.com/wordpress/wp-content/uploads/ipc-sm-782a_amendment_1_and_2.pdf), generated with kicad-footprint-generator")
    (tags capacitor)
    (path /6011562F)
    (attr smd)
    (fp_text reference C11 (at 0 -1.16) (layer F.SilkS)
      (effects (font (size 1 1) (thickness 0.15)))
    )
    (fp_text value 1u (at 0 1.16) (layer F.Fab)
      (effects (font (size 1 1) (thickness 0.15)))
    )
    (fp_line (start 0.91 0.46) (end -0.91 0.46) (layer F.CrtYd) (width 0.05))
    (fp_line (start 0.91 -0.46) (end 0.91 0.46) (layer F.CrtYd) (width 0.05))
    (fp_line (start -0.91 -0.46) (end 0.91 -0.46) (layer F.CrtYd) (width 0.05))
    (fp_line (start -0.91 0.46) (end -0.91 -0.46) (layer F.CrtYd) (width 0.05))
    (fp_line (start -0.107836 0.36) (end 0.107836 0.36) (layer F.SilkS) (width 0.12))
    (fp_line (start -0.107836 -0.36) (end 0.107836 -0.36) (layer F.SilkS) (width 0.12))
    (fp_line (start 0.5 0.25) (end -0.5 0.25) (layer F.Fab) (width 0.1))
    (fp_line (start 0.5 -0.25) (end 0.5 0.25) (layer F.Fab) (width 0.1))
    (fp_line (start -0.5 -0.25) (end 0.5 -0.25) (layer F.Fab) (width 0.1))
    (fp_line (start -0.5 0.25) (end -0.5 -0.25) (layer F.Fab) (width 0.1))
    (fp_text user %R (at 0 0) (layer F.Fab)
      (effects (font (size 0.25 0.25) (thickness 0.04)))
    )
    (pad 1 smd roundrect (at -0.48 0 180) (size 0.56 0.62) (layers F.Cu F.Paste F.Mask) (roundrect_rratio 0.25)
      (net 2 +3V3))
    (pad 2 smd roundrect (at 0.48 0 180) (size 0.56 0.62) (layers F.Cu F.Paste F.Mask) (roundrect_rratio 0.25)
      (net 1 GND))
    (model ${KISYS3DMOD}/Capacitor_SMD.3dshapes/C_0402_1005Metric.wrl
      (at (xyz 0 0 0))
      (scale (xyz 1 1 1))
      (rotate (xyz 0 0 0))
    )
  )

  (module LED_SMD:LED_0603_1608Metric (layer F.Cu) (tedit 5F68FEF1) (tstamp 6008ED11)
    (at 123.7995 108.077 180)
    (descr "LED SMD 0603 (1608 Metric), square (rectangular) end terminal, IPC_7351 nominal, (Body size source: http://www.tortai-tech.com/upload/download/2011102023233369053.pdf), generated with kicad-footprint-generator")
    (tags LED)
    (path /600962B3)
    (attr smd)
    (fp_text reference D1 (at 0 -1.43) (layer F.SilkS)
      (effects (font (size 1 1) (thickness 0.15)))
    )
    (fp_text value BLUE (at 0 1.43) (layer F.Fab)
      (effects (font (size 1 1) (thickness 0.15)))
    )
    (fp_line (start 1.48 0.73) (end -1.48 0.73) (layer F.CrtYd) (width 0.05))
    (fp_line (start 1.48 -0.73) (end 1.48 0.73) (layer F.CrtYd) (width 0.05))
    (fp_line (start -1.48 -0.73) (end 1.48 -0.73) (layer F.CrtYd) (width 0.05))
    (fp_line (start -1.48 0.73) (end -1.48 -0.73) (layer F.CrtYd) (width 0.05))
    (fp_line (start -1.485 0.735) (end 0.8 0.735) (layer F.SilkS) (width 0.12))
    (fp_line (start -1.485 -0.735) (end -1.485 0.735) (layer F.SilkS) (width 0.12))
    (fp_line (start 0.8 -0.735) (end -1.485 -0.735) (layer F.SilkS) (width 0.12))
    (fp_line (start 0.8 0.4) (end 0.8 -0.4) (layer F.Fab) (width 0.1))
    (fp_line (start -0.8 0.4) (end 0.8 0.4) (layer F.Fab) (width 0.1))
    (fp_line (start -0.8 -0.1) (end -0.8 0.4) (layer F.Fab) (width 0.1))
    (fp_line (start -0.5 -0.4) (end -0.8 -0.1) (layer F.Fab) (width 0.1))
    (fp_line (start 0.8 -0.4) (end -0.5 -0.4) (layer F.Fab) (width 0.1))
    (fp_text user %R (at 0 0) (layer F.Fab)
      (effects (font (size 0.4 0.4) (thickness 0.06)))
    )
    (pad 1 smd roundrect (at -0.7875 0 180) (size 0.875 0.95) (layers F.Cu F.Paste F.Mask) (roundrect_rratio 0.25)
      (net 9 "Net-(D1-Pad1)"))
    (pad 2 smd roundrect (at 0.7875 0 180) (size 0.875 0.95) (layers F.Cu F.Paste F.Mask) (roundrect_rratio 0.25)
      (net 10 LED_1))
    (model ${KISYS3DMOD}/LED_SMD.3dshapes/LED_0603_1608Metric.wrl
      (at (xyz 0 0 0))
      (scale (xyz 1 1 1))
      (rotate (xyz 0 0 0))
    )
  )

  (module LED_SMD:LED_0603_1608Metric (layer F.Cu) (tedit 5F68FEF1) (tstamp 6008ED24)
    (at 143.8655 108.204 180)
    (descr "LED SMD 0603 (1608 Metric), square (rectangular) end terminal, IPC_7351 nominal, (Body size source: http://www.tortai-tech.com/upload/download/2011102023233369053.pdf), generated with kicad-footprint-generator")
    (tags LED)
    (path /600AA3DB)
    (attr smd)
    (fp_text reference D2 (at 0 -1.43) (layer F.SilkS)
      (effects (font (size 1 1) (thickness 0.15)))
    )
    (fp_text value BLUE (at 0 1.43) (layer F.Fab)
      (effects (font (size 1 1) (thickness 0.15)))
    )
    (fp_line (start 0.8 -0.4) (end -0.5 -0.4) (layer F.Fab) (width 0.1))
    (fp_line (start -0.5 -0.4) (end -0.8 -0.1) (layer F.Fab) (width 0.1))
    (fp_line (start -0.8 -0.1) (end -0.8 0.4) (layer F.Fab) (width 0.1))
    (fp_line (start -0.8 0.4) (end 0.8 0.4) (layer F.Fab) (width 0.1))
    (fp_line (start 0.8 0.4) (end 0.8 -0.4) (layer F.Fab) (width 0.1))
    (fp_line (start 0.8 -0.735) (end -1.485 -0.735) (layer F.SilkS) (width 0.12))
    (fp_line (start -1.485 -0.735) (end -1.485 0.735) (layer F.SilkS) (width 0.12))
    (fp_line (start -1.485 0.735) (end 0.8 0.735) (layer F.SilkS) (width 0.12))
    (fp_line (start -1.48 0.73) (end -1.48 -0.73) (layer F.CrtYd) (width 0.05))
    (fp_line (start -1.48 -0.73) (end 1.48 -0.73) (layer F.CrtYd) (width 0.05))
    (fp_line (start 1.48 -0.73) (end 1.48 0.73) (layer F.CrtYd) (width 0.05))
    (fp_line (start 1.48 0.73) (end -1.48 0.73) (layer F.CrtYd) (width 0.05))
    (fp_text user %R (at 0 0) (layer F.Fab)
      (effects (font (size 0.4 0.4) (thickness 0.06)))
    )
    (pad 2 smd roundrect (at 0.7875 0 180) (size 0.875 0.95) (layers F.Cu F.Paste F.Mask) (roundrect_rratio 0.25)
      (net 11 LED_2))
    (pad 1 smd roundrect (at -0.7875 0 180) (size 0.875 0.95) (layers F.Cu F.Paste F.Mask) (roundrect_rratio 0.25)
      (net 12 "Net-(D2-Pad1)"))
    (model ${KISYS3DMOD}/LED_SMD.3dshapes/LED_0603_1608Metric.wrl
      (at (xyz 0 0 0))
      (scale (xyz 1 1 1))
      (rotate (xyz 0 0 0))
    )
  )

  (module LED_SMD:LED_0603_1608Metric (layer F.Cu) (tedit 5F68FEF1) (tstamp 6008ED37)
    (at 163.0425 108.204 180)
    (descr "LED SMD 0603 (1608 Metric), square (rectangular) end terminal, IPC_7351 nominal, (Body size source: http://www.tortai-tech.com/upload/download/2011102023233369053.pdf), generated with kicad-footprint-generator")
    (tags LED)
    (path /600AC5B3)
    (attr smd)
    (fp_text reference D3 (at 0 -1.43) (layer F.SilkS)
      (effects (font (size 1 1) (thickness 0.15)))
    )
    (fp_text value BLUE (at 0 1.43) (layer F.Fab)
      (effects (font (size 1 1) (thickness 0.15)))
    )
    (fp_line (start 1.48 0.73) (end -1.48 0.73) (layer F.CrtYd) (width 0.05))
    (fp_line (start 1.48 -0.73) (end 1.48 0.73) (layer F.CrtYd) (width 0.05))
    (fp_line (start -1.48 -0.73) (end 1.48 -0.73) (layer F.CrtYd) (width 0.05))
    (fp_line (start -1.48 0.73) (end -1.48 -0.73) (layer F.CrtYd) (width 0.05))
    (fp_line (start -1.485 0.735) (end 0.8 0.735) (layer F.SilkS) (width 0.12))
    (fp_line (start -1.485 -0.735) (end -1.485 0.735) (layer F.SilkS) (width 0.12))
    (fp_line (start 0.8 -0.735) (end -1.485 -0.735) (layer F.SilkS) (width 0.12))
    (fp_line (start 0.8 0.4) (end 0.8 -0.4) (layer F.Fab) (width 0.1))
    (fp_line (start -0.8 0.4) (end 0.8 0.4) (layer F.Fab) (width 0.1))
    (fp_line (start -0.8 -0.1) (end -0.8 0.4) (layer F.Fab) (width 0.1))
    (fp_line (start -0.5 -0.4) (end -0.8 -0.1) (layer F.Fab) (width 0.1))
    (fp_line (start 0.8 -0.4) (end -0.5 -0.4) (layer F.Fab) (width 0.1))
    (fp_text user %R (at 0 0) (layer F.Fab)
      (effects (font (size 0.4 0.4) (thickness 0.06)))
    )
    (pad 1 smd roundrect (at -0.7875 0 180) (size 0.875 0.95) (layers F.Cu F.Paste F.Mask) (roundrect_rratio 0.25)
      (net 13 "Net-(D3-Pad1)"))
    (pad 2 smd roundrect (at 0.7875 0 180) (size 0.875 0.95) (layers F.Cu F.Paste F.Mask) (roundrect_rratio 0.25)
      (net 14 LED_3))
    (model ${KISYS3DMOD}/LED_SMD.3dshapes/LED_0603_1608Metric.wrl
      (at (xyz 0 0 0))
      (scale (xyz 1 1 1))
      (rotate (xyz 0 0 0))
    )
  )

  (module Connector_USB:USB_Micro-B_Molex-105017-0001 (layer F.Cu) (tedit 5A1DC0BE) (tstamp 6008ED60)
    (at 142.875 82.296 180)
    (descr http://www.molex.com/pdm_docs/sd/1050170001_sd.pdf)
    (tags "Micro-USB SMD Typ-B")
    (path /6001BB49)
    (attr smd)
    (fp_text reference J0 (at 0 -3.1125) (layer F.SilkS)
      (effects (font (size 1 1) (thickness 0.15)))
    )
    (fp_text value USB (at 0.3 4.3375) (layer F.Fab)
      (effects (font (size 1 1) (thickness 0.15)))
    )
    (fp_line (start -1.1 -2.1225) (end -1.1 -1.9125) (layer F.Fab) (width 0.1))
    (fp_line (start -1.5 -2.1225) (end -1.5 -1.9125) (layer F.Fab) (width 0.1))
    (fp_line (start -1.5 -2.1225) (end -1.1 -2.1225) (layer F.Fab) (width 0.1))
    (fp_line (start -1.1 -1.9125) (end -1.3 -1.7125) (layer F.Fab) (width 0.1))
    (fp_line (start -1.3 -1.7125) (end -1.5 -1.9125) (layer F.Fab) (width 0.1))
    (fp_line (start -1.7 -2.3125) (end -1.7 -1.8625) (layer F.SilkS) (width 0.12))
    (fp_line (start -1.7 -2.3125) (end -1.25 -2.3125) (layer F.SilkS) (width 0.12))
    (fp_line (start 3.9 -1.7625) (end 3.45 -1.7625) (layer F.SilkS) (width 0.12))
    (fp_line (start 3.9 0.0875) (end 3.9 -1.7625) (layer F.SilkS) (width 0.12))
    (fp_line (start -3.9 2.6375) (end -3.9 2.3875) (layer F.SilkS) (width 0.12))
    (fp_line (start -3.75 3.3875) (end -3.75 -1.6125) (layer F.Fab) (width 0.1))
    (fp_line (start -3.75 -1.6125) (end 3.75 -1.6125) (layer F.Fab) (width 0.1))
    (fp_line (start -3.75 3.389204) (end 3.75 3.389204) (layer F.Fab) (width 0.1))
    (fp_line (start -3 2.689204) (end 3 2.689204) (layer F.Fab) (width 0.1))
    (fp_line (start 3.75 3.3875) (end 3.75 -1.6125) (layer F.Fab) (width 0.1))
    (fp_line (start 3.9 2.6375) (end 3.9 2.3875) (layer F.SilkS) (width 0.12))
    (fp_line (start -3.9 0.0875) (end -3.9 -1.7625) (layer F.SilkS) (width 0.12))
    (fp_line (start -3.9 -1.7625) (end -3.45 -1.7625) (layer F.SilkS) (width 0.12))
    (fp_line (start -4.4 3.64) (end -4.4 -2.46) (layer F.CrtYd) (width 0.05))
    (fp_line (start -4.4 -2.46) (end 4.4 -2.46) (layer F.CrtYd) (width 0.05))
    (fp_line (start 4.4 -2.46) (end 4.4 3.64) (layer F.CrtYd) (width 0.05))
    (fp_line (start -4.4 3.64) (end 4.4 3.64) (layer F.CrtYd) (width 0.05))
    (fp_text user "PCB Edge" (at 0 2.6875) (layer Dwgs.User)
      (effects (font (size 0.5 0.5) (thickness 0.08)))
    )
    (fp_text user %R (at 0 0.8875) (layer F.Fab)
      (effects (font (size 1 1) (thickness 0.15)))
    )
    (pad 6 smd rect (at 1 1.2375 180) (size 1.5 1.9) (layers F.Cu F.Paste F.Mask)
      (net 15 "Net-(J0-Pad6)"))
    (pad 6 thru_hole circle (at -2.5 -1.4625 180) (size 1.45 1.45) (drill 0.85) (layers *.Cu *.Mask)
      (net 15 "Net-(J0-Pad6)"))
    (pad 2 smd rect (at -0.65 -1.4625 180) (size 0.4 1.35) (layers F.Cu F.Paste F.Mask)
      (net 16 USB_CONN_D-))
    (pad 1 smd rect (at -1.3 -1.4625 180) (size 0.4 1.35) (layers F.Cu F.Paste F.Mask)
      (net 8 +5V))
    (pad 5 smd rect (at 1.3 -1.4625 180) (size 0.4 1.35) (layers F.Cu F.Paste F.Mask)
      (net 1 GND))
    (pad 4 smd rect (at 0.65 -1.4625 180) (size 0.4 1.35) (layers F.Cu F.Paste F.Mask)
      (net 1 GND))
    (pad 3 smd rect (at 0 -1.4625 180) (size 0.4 1.35) (layers F.Cu F.Paste F.Mask)
      (net 17 USB_CONN_D+))
    (pad 6 thru_hole circle (at 2.5 -1.4625 180) (size 1.45 1.45) (drill 0.85) (layers *.Cu *.Mask)
      (net 15 "Net-(J0-Pad6)"))
    (pad 6 smd rect (at -1 1.2375 180) (size 1.5 1.9) (layers F.Cu F.Paste F.Mask)
      (net 15 "Net-(J0-Pad6)"))
    (pad 6 thru_hole oval (at -3.5 1.2375) (size 1.2 1.9) (drill oval 0.6 1.3) (layers *.Cu *.Mask)
      (net 15 "Net-(J0-Pad6)"))
    (pad 6 thru_hole oval (at 3.5 1.2375 180) (size 1.2 1.9) (drill oval 0.6 1.3) (layers *.Cu *.Mask)
      (net 15 "Net-(J0-Pad6)"))
    (pad 6 smd rect (at 2.9 1.2375 180) (size 1.2 1.9) (layers F.Cu F.Mask)
      (net 15 "Net-(J0-Pad6)"))
    (pad 6 smd rect (at -2.9 1.2375 180) (size 1.2 1.9) (layers F.Cu F.Mask)
      (net 15 "Net-(J0-Pad6)"))
    (model ${KISYS3DMOD}/Connector_USB.3dshapes/USB_Micro-B_Molex-105017-0001.wrl
      (at (xyz 0 0 0))
      (scale (xyz 1 1 1))
      (rotate (xyz 0 0 0))
    )
  )

  (module Connector_PinHeader_2.54mm:PinHeader_1x04_P2.54mm_Horizontal (layer F.Cu) (tedit 59FED5CB) (tstamp 6008EDAD)
    (at 162.687 89.027 90)
    (descr "Through hole angled pin header, 1x04, 2.54mm pitch, 6mm pin length, single row")
    (tags "Through hole angled pin header THT 1x04 2.54mm single row")
    (path /5FFC7CBC)
    (fp_text reference J1 (at 4.385 -2.27 90) (layer F.SilkS)
      (effects (font (size 1 1) (thickness 0.15)))
    )
    (fp_text value DEBUG_SWD (at 4.385 9.89 90) (layer F.Fab)
      (effects (font (size 1 1) (thickness 0.15)))
    )
    (fp_line (start 10.55 -1.8) (end -1.8 -1.8) (layer F.CrtYd) (width 0.05))
    (fp_line (start 10.55 9.4) (end 10.55 -1.8) (layer F.CrtYd) (width 0.05))
    (fp_line (start -1.8 9.4) (end 10.55 9.4) (layer F.CrtYd) (width 0.05))
    (fp_line (start -1.8 -1.8) (end -1.8 9.4) (layer F.CrtYd) (width 0.05))
    (fp_line (start -1.27 -1.27) (end 0 -1.27) (layer F.SilkS) (width 0.12))
    (fp_line (start -1.27 0) (end -1.27 -1.27) (layer F.SilkS) (width 0.12))
    (fp_line (start 1.042929 8) (end 1.44 8) (layer F.SilkS) (width 0.12))
    (fp_line (start 1.042929 7.24) (end 1.44 7.24) (layer F.SilkS) (width 0.12))
    (fp_line (start 10.1 8) (end 4.1 8) (layer F.SilkS) (width 0.12))
    (fp_line (start 10.1 7.24) (end 10.1 8) (layer F.SilkS) (width 0.12))
    (fp_line (start 4.1 7.24) (end 10.1 7.24) (layer F.SilkS) (width 0.12))
    (fp_line (start 1.44 6.35) (end 4.1 6.35) (layer F.SilkS) (width 0.12))
    (fp_line (start 1.042929 5.46) (end 1.44 5.46) (layer F.SilkS) (width 0.12))
    (fp_line (start 1.042929 4.7) (end 1.44 4.7) (layer F.SilkS) (width 0.12))
    (fp_line (start 10.1 5.46) (end 4.1 5.46) (layer F.SilkS) (width 0.12))
    (fp_line (start 10.1 4.7) (end 10.1 5.46) (layer F.SilkS) (width 0.12))
    (fp_line (start 4.1 4.7) (end 10.1 4.7) (layer F.SilkS) (width 0.12))
    (fp_line (start 1.44 3.81) (end 4.1 3.81) (layer F.SilkS) (width 0.12))
    (fp_line (start 1.042929 2.92) (end 1.44 2.92) (layer F.SilkS) (width 0.12))
    (fp_line (start 1.042929 2.16) (end 1.44 2.16) (layer F.SilkS) (width 0.12))
    (fp_line (start 10.1 2.92) (end 4.1 2.92) (layer F.SilkS) (width 0.12))
    (fp_line (start 10.1 2.16) (end 10.1 2.92) (layer F.SilkS) (width 0.12))
    (fp_line (start 4.1 2.16) (end 10.1 2.16) (layer F.SilkS) (width 0.12))
    (fp_line (start 1.44 1.27) (end 4.1 1.27) (layer F.SilkS) (width 0.12))
    (fp_line (start 1.11 0.38) (end 1.44 0.38) (layer F.SilkS) (width 0.12))
    (fp_line (start 1.11 -0.38) (end 1.44 -0.38) (layer F.SilkS) (width 0.12))
    (fp_line (start 4.1 0.28) (end 10.1 0.28) (layer F.SilkS) (width 0.12))
    (fp_line (start 4.1 0.16) (end 10.1 0.16) (layer F.SilkS) (width 0.12))
    (fp_line (start 4.1 0.04) (end 10.1 0.04) (layer F.SilkS) (width 0.12))
    (fp_line (start 4.1 -0.08) (end 10.1 -0.08) (layer F.SilkS) (width 0.12))
    (fp_line (start 4.1 -0.2) (end 10.1 -0.2) (layer F.SilkS) (width 0.12))
    (fp_line (start 4.1 -0.32) (end 10.1 -0.32) (layer F.SilkS) (width 0.12))
    (fp_line (start 10.1 0.38) (end 4.1 0.38) (layer F.SilkS) (width 0.12))
    (fp_line (start 10.1 -0.38) (end 10.1 0.38) (layer F.SilkS) (width 0.12))
    (fp_line (start 4.1 -0.38) (end 10.1 -0.38) (layer F.SilkS) (width 0.12))
    (fp_line (start 4.1 -1.33) (end 1.44 -1.33) (layer F.SilkS) (width 0.12))
    (fp_line (start 4.1 8.95) (end 4.1 -1.33) (layer F.SilkS) (width 0.12))
    (fp_line (start 1.44 8.95) (end 4.1 8.95) (layer F.SilkS) (width 0.12))
    (fp_line (start 1.44 -1.33) (end 1.44 8.95) (layer F.SilkS) (width 0.12))
    (fp_line (start 4.04 7.94) (end 10.04 7.94) (layer F.Fab) (width 0.1))
    (fp_line (start 10.04 7.3) (end 10.04 7.94) (layer F.Fab) (width 0.1))
    (fp_line (start 4.04 7.3) (end 10.04 7.3) (layer F.Fab) (width 0.1))
    (fp_line (start -0.32 7.94) (end 1.5 7.94) (layer F.Fab) (width 0.1))
    (fp_line (start -0.32 7.3) (end -0.32 7.94) (layer F.Fab) (width 0.1))
    (fp_line (start -0.32 7.3) (end 1.5 7.3) (layer F.Fab) (width 0.1))
    (fp_line (start 4.04 5.4) (end 10.04 5.4) (layer F.Fab) (width 0.1))
    (fp_line (start 10.04 4.76) (end 10.04 5.4) (layer F.Fab) (width 0.1))
    (fp_line (start 4.04 4.76) (end 10.04 4.76) (layer F.Fab) (width 0.1))
    (fp_line (start -0.32 5.4) (end 1.5 5.4) (layer F.Fab) (width 0.1))
    (fp_line (start -0.32 4.76) (end -0.32 5.4) (layer F.Fab) (width 0.1))
    (fp_line (start -0.32 4.76) (end 1.5 4.76) (layer F.Fab) (width 0.1))
    (fp_line (start 4.04 2.86) (end 10.04 2.86) (layer F.Fab) (width 0.1))
    (fp_line (start 10.04 2.22) (end 10.04 2.86) (layer F.Fab) (width 0.1))
    (fp_line (start 4.04 2.22) (end 10.04 2.22) (layer F.Fab) (width 0.1))
    (fp_line (start -0.32 2.86) (end 1.5 2.86) (layer F.Fab) (width 0.1))
    (fp_line (start -0.32 2.22) (end -0.32 2.86) (layer F.Fab) (width 0.1))
    (fp_line (start -0.32 2.22) (end 1.5 2.22) (layer F.Fab) (width 0.1))
    (fp_line (start 4.04 0.32) (end 10.04 0.32) (layer F.Fab) (width 0.1))
    (fp_line (start 10.04 -0.32) (end 10.04 0.32) (layer F.Fab) (width 0.1))
    (fp_line (start 4.04 -0.32) (end 10.04 -0.32) (layer F.Fab) (width 0.1))
    (fp_line (start -0.32 0.32) (end 1.5 0.32) (layer F.Fab) (width 0.1))
    (fp_line (start -0.32 -0.32) (end -0.32 0.32) (layer F.Fab) (width 0.1))
    (fp_line (start -0.32 -0.32) (end 1.5 -0.32) (layer F.Fab) (width 0.1))
    (fp_line (start 1.5 -0.635) (end 2.135 -1.27) (layer F.Fab) (width 0.1))
    (fp_line (start 1.5 8.89) (end 1.5 -0.635) (layer F.Fab) (width 0.1))
    (fp_line (start 4.04 8.89) (end 1.5 8.89) (layer F.Fab) (width 0.1))
    (fp_line (start 4.04 -1.27) (end 4.04 8.89) (layer F.Fab) (width 0.1))
    (fp_line (start 2.135 -1.27) (end 4.04 -1.27) (layer F.Fab) (width 0.1))
    (fp_text user %R (at 2.77 3.81) (layer F.Fab)
      (effects (font (size 1 1) (thickness 0.15)))
    )
    (pad 1 thru_hole rect (at 0 0 90) (size 1.7 1.7) (drill 1) (layers *.Cu *.Mask)
      (net 2 +3V3))
    (pad 2 thru_hole oval (at 0 2.54 90) (size 1.7 1.7) (drill 1) (layers *.Cu *.Mask)
      (net 18 SWDIO))
    (pad 3 thru_hole oval (at 0 5.08 90) (size 1.7 1.7) (drill 1) (layers *.Cu *.Mask)
      (net 19 SWCLK))
    (pad 4 thru_hole oval (at 0 7.62 90) (size 1.7 1.7) (drill 1) (layers *.Cu *.Mask)
      (net 1 GND))
    (model ${KISYS3DMOD}/Connector_PinHeader_2.54mm.3dshapes/PinHeader_1x04_P2.54mm_Horizontal.wrl
      (at (xyz 0 0 0))
      (scale (xyz 1 1 1))
      (rotate (xyz 0 0 0))
    )
  )

  (module Resistor_SMD:R_0402_1005Metric (layer F.Cu) (tedit 5F68FEEE) (tstamp 6008EE13)
    (at 125.093 85.09 180)
    (descr "Resistor SMD 0402 (1005 Metric), square (rectangular) end terminal, IPC_7351 nominal, (Body size source: IPC-SM-782 page 72, https://www.pcb-3d.com/wordpress/wp-content/uploads/ipc-sm-782a_amendment_1_and_2.pdf), generated with kicad-footprint-generator")
    (tags resistor)
    (path /60009334)
    (attr smd)
    (fp_text reference R5 (at 0 -1.17) (layer F.SilkS)
      (effects (font (size 1 1) (thickness 0.15)))
    )
    (fp_text value 10k (at 0 1.17) (layer F.Fab)
      (effects (font (size 1 1) (thickness 0.15)))
    )
    (fp_line (start -0.525 0.27) (end -0.525 -0.27) (layer F.Fab) (width 0.1))
    (fp_line (start -0.525 -0.27) (end 0.525 -0.27) (layer F.Fab) (width 0.1))
    (fp_line (start 0.525 -0.27) (end 0.525 0.27) (layer F.Fab) (width 0.1))
    (fp_line (start 0.525 0.27) (end -0.525 0.27) (layer F.Fab) (width 0.1))
    (fp_line (start -0.153641 -0.38) (end 0.153641 -0.38) (layer F.SilkS) (width 0.12))
    (fp_line (start -0.153641 0.38) (end 0.153641 0.38) (layer F.SilkS) (width 0.12))
    (fp_line (start -0.93 0.47) (end -0.93 -0.47) (layer F.CrtYd) (width 0.05))
    (fp_line (start -0.93 -0.47) (end 0.93 -0.47) (layer F.CrtYd) (width 0.05))
    (fp_line (start 0.93 -0.47) (end 0.93 0.47) (layer F.CrtYd) (width 0.05))
    (fp_line (start 0.93 0.47) (end -0.93 0.47) (layer F.CrtYd) (width 0.05))
    (fp_text user %R (at 0 0) (layer F.Fab)
      (effects (font (size 0.26 0.26) (thickness 0.04)))
    )
    (pad 2 smd roundrect (at 0.51 0 180) (size 0.54 0.64) (layers F.Cu F.Paste F.Mask) (roundrect_rratio 0.25)
      (net 20 "Net-(R5-Pad2)"))
    (pad 1 smd roundrect (at -0.51 0 180) (size 0.54 0.64) (layers F.Cu F.Paste F.Mask) (roundrect_rratio 0.25)
      (net 21 SW_LAYOUT))
    (model ${KISYS3DMOD}/Resistor_SMD.3dshapes/R_0402_1005Metric.wrl
      (at (xyz 0 0 0))
      (scale (xyz 1 1 1))
      (rotate (xyz 0 0 0))
    )
  )

  (module Resistor_SMD:R_0402_1005Metric (layer F.Cu) (tedit 5F68FEEE) (tstamp 6008EE24)
    (at 162.052 84.709)
    (descr "Resistor SMD 0402 (1005 Metric), square (rectangular) end terminal, IPC_7351 nominal, (Body size source: IPC-SM-782 page 72, https://www.pcb-3d.com/wordpress/wp-content/uploads/ipc-sm-782a_amendment_1_and_2.pdf), generated with kicad-footprint-generator")
    (tags resistor)
    (path /6000BFF1)
    (attr smd)
    (fp_text reference R6 (at 0 -1.17) (layer F.SilkS)
      (effects (font (size 1 1) (thickness 0.15)))
    )
    (fp_text value 10k (at 0 1.17) (layer F.Fab)
      (effects (font (size 1 1) (thickness 0.15)))
    )
    (fp_line (start -0.525 0.27) (end -0.525 -0.27) (layer F.Fab) (width 0.1))
    (fp_line (start -0.525 -0.27) (end 0.525 -0.27) (layer F.Fab) (width 0.1))
    (fp_line (start 0.525 -0.27) (end 0.525 0.27) (layer F.Fab) (width 0.1))
    (fp_line (start 0.525 0.27) (end -0.525 0.27) (layer F.Fab) (width 0.1))
    (fp_line (start -0.153641 -0.38) (end 0.153641 -0.38) (layer F.SilkS) (width 0.12))
    (fp_line (start -0.153641 0.38) (end 0.153641 0.38) (layer F.SilkS) (width 0.12))
    (fp_line (start -0.93 0.47) (end -0.93 -0.47) (layer F.CrtYd) (width 0.05))
    (fp_line (start -0.93 -0.47) (end 0.93 -0.47) (layer F.CrtYd) (width 0.05))
    (fp_line (start 0.93 -0.47) (end 0.93 0.47) (layer F.CrtYd) (width 0.05))
    (fp_line (start 0.93 0.47) (end -0.93 0.47) (layer F.CrtYd) (width 0.05))
    (fp_text user %R (at 0 0) (layer F.Fab)
      (effects (font (size 0.26 0.26) (thickness 0.04)))
    )
    (pad 2 smd roundrect (at 0.51 0) (size 0.54 0.64) (layers F.Cu F.Paste F.Mask) (roundrect_rratio 0.25)
      (net 22 "Net-(R6-Pad2)"))
    (pad 1 smd roundrect (at -0.51 0) (size 0.54 0.64) (layers F.Cu F.Paste F.Mask) (roundrect_rratio 0.25)
      (net 23 SW_BACKLIGHT))
    (model ${KISYS3DMOD}/Resistor_SMD.3dshapes/R_0402_1005Metric.wrl
      (at (xyz 0 0 0))
